2875
14231
18110
21193
18996
6187
13135
14372
21198
12133
808
8061
2964
23
17344
17101
5446
16843
12209
20164
3439
10894
3596
7656
7153
9215
20580
21715
21835
21009
15311
15333
20855
12464
1627
13887
20432
15700
773
10226
6979
11065
15946
7648
15944
18815
4462
13206
13846
13545
1331
1066
10734
862
4695
8046
5197
10150
1577
3288
6700
3685
5838
1403
7932
13020
18149
1687
10446
7190
15694
18489
20386
11073
8232
12247
4178
7962
3121
18845
471
19330
13957
16001
5429
1673
2504
11054
1593
7069
10420
10106
12703
9226
5537
15110
9184
9001
6915
12668
9963
14587
15160
4619
6916
18666
4063
10382
50
5585
13076
4412
14741
15103
6595
19553
19210
5722
4476
3834
3893
3608
2548
11290
155
9981
378
6959
21577
6471
11308
17653
10910
12953
1625
10260
12924
14014
6582
12702
2049
5725
8622
5115
12338
15476
8954
4254
8071
16854
8442
5479
12570
2251
6008
6403
11706
4970
7931
14096
5390
1861
14687
13049
8769
12637
376
19465
14842
17082
4940
14353
10292
17235
7107
720
19627
16085
12433
18310
17386
13395
4582
738
66
20586
3692
429
16996
5589
4400
11672
11355
15388
9108
7449
9827
3668
13085
9970
1516
9144
12667
8229
13534
4592
16140
12639
8492
6547
12954
8265
17117
9009
20671
21262
8506
20890
5718
2871
8512
8560
20191
19874
11754
10996
17462
9039
19786
11343
13735
15029
18477
6698
3630
17587
581
20708
16166
6888
10766
11362
12916
2009
5764
8647
11324
5582
2847
7258
18529
10277
17510
16713
7764
11514
4245
4851
6389
2985
12471
556
21025
12957
10207
2245
9814
5966
15332
6544
12243
20874
20552
16775
9140
3172
11271
21124
6375
5627
2629
20123
13736
19200
15061
4744
11808
11020
5434
11626
283
7601
7410
7
17410
10737
14329
1897
219
15056
19918
1009
17348
5029
6332
19502
19543
10184
15121
11051
7775
10965
12712
6884
5246
7718
9653
15437
9352
2248
10449
13965
17646
18646
348
9180
20579
21087
10728
8294
15033
2993
14025
18497
8531
17666
12810
9342
1416
13886
11521
9542
11650
1040
4947
13273
14051
2437
20916
19173
5104
2988
18068
15250
7554
10567
9773
7165
11909
9528
8088
11377
13425
8663
14197
11920
2631
18392
7281
7541
7237
14159
3020
7236
2614
4116
11030
9197
12772
19396
19808
10893
6386
6237
10189
8485
15833
9784
16623
14468
21374
2160
8809
974
13770
12028
16173
7875
13077
442
6995
20745
2805
15351
10854
15670
7391
21652
8007
5108
1685
11941
19478
14351
17545
3419
0
6102
13053
17305
2780
19947
3803
17304
8829
1300
8264
12795
19310
3962
5265
18129
9545
17384
7345
8613
1801
17134
4593
14323
6174
672
9137
9504
9063
13515
14652
17777
4186
14586
19164
16147
10986
14991
13606
11786
10145
15226
5353
2019
4888
13202
18381
16382
20089
850
7974
7421
5629
17984
15118
596
8434
10422
18486
12362
1488
12967
7901
3016
5849
6379
12853
20025
12509
820
11483
16018
17257
14168
8254
8293
11946
14368
7166
12450
14013
1113
21744
20627
2796
9436
18710
13654
18117
19816
5407
12732
4062
8543
19833
2510
18555
13936
20656
13683
21290
2584
9222
516
6822
9606
6936
10519
7814
9012
13200
952
14679
17722
7059
4812
3212
5047
7808
5259
6124
19754
11165
20380
16551
19398
789
15169
11033
21113
2088
11036
9005
5343
13113
21496
8330
1114
5971
9886
14492
20184
4494
18114
4852
7531
14470
8043
10238
20625
18838
857
18300
11389
19046
21291
2702
14186
3706
9331
13458
3397
12850
16025
4599
10175
15472
15022
18037
3021
6518
21462
9376
19994
691
14537
5216
17397
27
19957
21354
12532
7527
12318
6992
16264
13483
7024
6157
5846
19935
3214
16965
1264
2609
19140
16292
10272
6919
7501
10342
19184
3985
2345
10003
12756
8668
11870
448
7171
13717
21736
18943
17262
10348
14376
198
15657
19066
21493
5704
571
16399
469
9695
17667
14367
12949
4309
9007
1929
20072
15520
21702
2519
13834
12198
21474
13815
2038
2458
17571
3570
7722
11083
7565
8953
20279
8756
1914
8667
4458
17912
14773
6069
950
5872
11906
19924
4328
470
10339
11167
13776
17245
21579
8730
7351
16883
11122
14180
1215
2981
1698
14123
12096
39
21219
4423
18835
118
3111
21155
4740
13268
13759
12495
19535
19645
17944
12349
11021
15733
20452
8705
6918
5815
17665
3268
1965
2412
7055
13879
4972
12097
14634
11789
9281
15955
12831
228
2485
16577
6016
15602
439
21369
13379
8018
9836
18343
13587
12699
16712
10529
17765
9718
7231
20428
14362
14789
19666
9733
5891
10715
3145
3886
21034
3651
308
13984
7151
10114
12914
12347
17619
2403
5765
4318
421
2984
19558
11151
2857
16195
12249
5920
18703
14273
58
17012
15593
1313
9847
957
20771
1896
5048
18481
6838
1035
432
1772
11500
19312
16005
5745
4015
1780
213
13658
13634
9168
14688
279
18810
15832
17236
4957
2040
11591
13046
5072
20476
3748
1283
10044
4951
21305
4497
19990
17748
17127
4385
18239
814
16492
21225
7330
18792
16844
5180
8359
938
14573
684
5335
16966
6396
16856
2431
8930
21708
12473
20041
79
18024
3618
18994
16667
6797
14700
11475
3182
979
14458
10923
5909
12958
8732
3188
9652
21089
14153
1689
13670
2232
11254
8746
14173
16747
20166
5075
9766
12111
8952
8024
16022
13265
7188
436
5157
2563
1837
8641
1203
15373
21844
5040
20968
14934
19160
21041
15806
2190
6269
1618
16859
3209
17705
18320
1136
16410
17432
8416
8273
4645
16016
9998
3095
13810
20182
21438
4680
13964
4200
20090
14074
10185
2913
14452
14238
6688
8269
8856
2662
20130
17123
1477
16527
8617
3860
19712
729
4350
9430
7092
6516
8670
10899
20361
19307
17657
18989
4576
8081
12868
16408
14248
1591
10179
12764
11974
19264
6421
12316
13584
21828
20128
1792
2539
20351
16203
5092
10708
9583
8418
13289
14184
13640
17600
12750
17660
2089
21703
17643
11836
10595
6047
13797
10427
8460
140
8899
12366
11771
19733
8394
17063
20894
4088
12405
5168
11670
10515
4507
10531
15570
3148
161
17859
11929
944
20587
20971
7001
832
20496
1921
14776
18136
1092
16989
566
3024
14204
296
13387
11061
4942
16204
1290
12857
8141
14214
19302
15930
8461
20519
6025
14413
13828
16434
13920
3905
7517
4982
3153
20436
5094
21584
5768
11530
7358
21787
6348
19486
11131
19454
4743
11905
1296
4496
17562
17246
9285
21802
10048
18105
16512
18367
16302
14135
14193
15473
18023
7434
16621
6945
13342
1553
17566
11729
4667
14042
7048
21634
16256
2492
11759
3267
20043
8213
6281
3875
4649
7884
2220
13199
20401
1735
6610
9559
15561
4278
3861
21822
2658
6216
21437
16895
171
7227
18169
9904
1809
13830
5747
4025
9752
16556
4235
21108
19998
4807
14206
18005
17241
14878
6053
7322
11160
3037
14487
7232
14341
17588
5007
16796
6658
12421
8759
6668
17487
14223
2438
13924
20313
15239
7098
7276
10858
13686
10423
11776
21111
3132
4936
3192
8921
5960
3628
839
19727
289
9892
13203
7991
18438
10362
8691
874
11488
342
14648
18148
21690
15355
7838
16087
21080
7836
15596
11701
8021
15533
243
9942
16466
20912
17876
20877
7833
10525
3205
18361
10507
746
7035
2653
4246
3067
4315
1182
642
6628
18915
11669
19489
10490
18062
9819
12184
14291
18769
4932
12747
11985
8437
3113
17243
16230
19856
9287
12740
2897
14221
13991
10932
9678
9217
20522
1242
15266
12578
12266
3170
18875
20504
12063
3783
9059
9502
13429
12119
21206
4806
15954
7705
7263
16244
6675
12716
16351
8362
12434
3135
17511
8083
10122
14272
7925
10124
10736
9227
18649
4785
2283
4917
18625
1628
3143
16059
7172
18965
6129
8698
17308
5726
19385
16691
3805
5134
5590
7831
17537
3099
19147
17204
8932
17996
21086
11698
20377
11719
21121
12059
2466
16567
14378
13126
1634
14897
18885
6882
1811
2886
18473
19439
19274
169
11266
1931
214
18763
8915
10182
14690
14924
11125
20591
1940
20395
19619
15804
6826
14027
3130
7987
8690
16274
18145
18141
13385
6234
2654
2668
18793
18168
18853
16654
6456
3691
20551
10083
19022
728
17130
8649
3647
6097
16246
3277
21588
16257
11142
5741
7713
19612
3488
2391
6086
14053
19404
1822
21065
9403
20404
3756
4585
18929
9413
3535
17180
3045
3891
17763
16377
17440
14963
10191
1346
2081
5632
10655
2577
6036
20336
19120
90
13923
16157
20485
19304
3958
5309
11255
1589
12974
7575
2554
5990
10989
1472
16280
2804
21599
13205
2720
2827
4347
3275
8621
6933
5818
7724
21370
18210
5275
6821
4488
14499
8695
14397
20888
6565
21699
2306
8740
6149
4188
21628
6022
8491
17874
68
19089
15234
17823
1332
2723
17882
8594
14313
18155
10863
17715
9016
17710
16946
650
16191
11745
21733
12520
2276
5161
12566
5932
20731
9324
12141
18189
5323
5925
11341
14082
3226
85
15808
18264
7245
4578
17085
14240
14350
591
14544
13706
17207
10314
17032
7163
18044
13298
2794
16420
17557
16141
21722
18046
6243
15639
6647
16353
20913
13769
16322
16135
11673
11519
19789
20667
3778
15969
2691
18732
20678
5508
8466
6901
2091
14714
12692
16384
20371
8111
3650
2188
9084
19052
15080
14445
5382
12935
21645
12638
16979
10926
17401
17321
5284
7897
13904
15517
1125
3264
8970
19664
7688
8074
19305
11313
12981
11141
21081
21721
20779
17005
157
5587
20294
18950
6341
2462
17351
11585
5125
17394
8623
14422
17043
10112
20649
6095
3054
9172
5076
8631
876
5066
18805
2096
8230
9174
13536
12870
4300
20013
11498
19286
18397
8343
18561
15675
8234
6744
3489
20604
3533
4410
11245
19527
13452
135
12444
2833
20262
11751
5871
14252
12807
10213
21546
12080
13480
2688
35
20237
19436
21826
2507
16062
10617
6212
21793
2534
16091
13415
5016
7773
18546
4307
21463
963
15097
180
5979
2581
4059
4242
16231
12020
968
8398
5929
20286
4620
20973
5728
15249
924
2784
7341
9557
12265
8484
8950
20116
11346
10584
9943
20601
18197
4420
5738
6931
15995
12726
20712
13986
12669
17741
17919
18712
10113
13059
17389
13305
18066
372
2354
12221
9798
12103
16603
3348
4986
20447
9066
5527
20391
4070
10956
3683
13324
16253
19218
1090
12984
7138
17806
15617
10433
20169
10265
13799
14961
9400
9570
2472
6042
6706
4811
19335
11984
15644
13292
4463
1192
18790
15115
13713
9288
21056
2058
16114
2359
20531
6893
5389
7453
8634
19
9155
6860
21560
11805
3015
8550
753
18352
18418
10762
2644
7604
21500
15934
7595
8983
21832
15196
20109
11466
2263
11469
16188
20978
506
5649
18667
13676
7921
18301
12695
2130
16784
7180
575
4085
2000
9821
2329
12129
13909
21287
6184
13637
19363
9000
5377
10390
15799
15256
7890
3297
12978
9245
3900
8306
13498
8984
8526
13424
4797
13990
6076
5018
20208
9326
9458
5378
2353
17805
16702
7625
10968
5650
10533
2876
9952
6208
12255
21145
4339
6370
6603
1175
8703
10586
530
2060
3910
18013
15395
19870
17132
19082
17290
8097
21359
15041
1721
6667
19300
507
4530
20120
13008
9592
1886
168
8633
2051
14192
13291
11402
6864
16145
7215
6078
18640
17930
9467
15379
3530
1998
13036
13468
8282
2447
2585
11367
16073
354
9178
2656
7640
14522
20229
8353
1783
9374
3112
3728
6550
19450
16006
1612
11276
14704
14039
4571
8468
883
8774
1438
6189
17493
11939
11863
10097
6862
1843
15383
30
4071
18317
756
8553
1739
21789
8564
18971
8347
17802
9945
6556
9891
18458
5542
10730
21231
253
18089
15337
4472
5478
7701
12001
8767
3087
4316
15217
3252
932
6235
4508
14846
11903
6206
5958
1363
19073
5673
17137
4095
18444
21119
539
7673
13537
12515
347
17329
7390
6257
18951
10139
6490
21072
4816
21042
13437
7282
2746
13563
20444
17630
19457
3825
18241
5755
6032
468
10807
6161
16720
1359
18375
1840
6077
14436
294
17058
517
6142
1005
20187
20785
5330
20566
16265
16011
19799
843
16068
11374
19782
3378
10296
1799
17556
11241
7261
15752
3718
11057
11489
7342
5206
7466
21712
7860
17543
12544
2106
1297
16286
6636
8313
443
6214
1382
12878
3575
12613
6524
2661
7967
18188
15338
7433
7145
13276
18039
13898
9661
682
554
12441
19469
10335
3677
6013
8852
6118
14501
19824
11273
510
11639
21457
6315
7965
6300
1641
10359
13122
19914
15726
17941
15299
19922
4174
1213
2454
8163
6904
5751
708
20528
15407
2814
20059
2527
11190
3237
11022
16894
10792
1088
10329
8424
14565
434
2512
7032
14211
2716
19146
17700
7621
11414
13391
16515
7849
5895
3625
11049
7979
8059
7873
13520
15822
18091
2291
21116
6535
12997
4670
7711
15680
6137
18131
15331
2126
7758
6360
21360
9258
14326
20188
1908
16835
12644
20768
13693
11586
8985
14871
2056
14187
9202
17782
19196
3425
14036
6729
7587
3053
5660
15496
5291
14527
21001
13466
21167
8969
11320
21012
4495
8463
309
12467
12122
9828
17373
11774
14875
4456
5053
13908
2042
4644
18754
5773
12399
20092
7308
16070
12259
12099
21323
8377
7845
2607
15375
18705
12355
8166
19413
17799
4794
10404
5004
9026
5737
18336
19557
16615
3655
20354
12419
7003
561
5289
16442
226
3765
865
9529
13035
7592
1696
18591
17425
13219
9576
18644
2936
9795
4753
16695
9090
18740
3011
20837
19284
2992
12485
14209
5498
21514
12040
13954
11866
3931
11037
7538
2756
14575
4631
16786
13933
8565
12391
411
8864
12015
7832
6991
1223
2745
14255
19835
5425
15323
19909
4482
15330
17645
3457
480
21114
12165
17605
14847
6898
809
16509
10800
6067
3139
2701
18800
12610
5923
19876
660
16655
4865
6109
6718
13664
19092
19838
16125
6220
3641
4579
19431
16136
3821
4190
21029
3191
2753
11375
7130
16465
20850
1429
4334
18664
14637
3583
939
4523
9596
15063
879
1654
8837
19113
1293
15518
14212
8255
4029
19334
20845
14442
4531
16121
8488
2286
16611
5087
3068
20991
945
2119
16451
6660
18454
7947
4891
425
18834
15040
19049
4175
14357
15894
10385
2663
2312
2855
1738
16460
14977
13603
17513
2932
6181
5354
5606
1224
11497
13892
13952
971
8848
15749
11828
5712
5596
2386
5080
19785
16871
18519
2768
14939
16629
1324
6914
10224
7960
9628
21196
8435
17343
12381
17905
20381
7768
12818
17954
12864
18976
17978
3986
18804
16151
15965
2518
3854
4580
2918
4634
18354
13460
34
12487
17400
9428
11311
13
7043
7195
3965
4889
5078
5215
15340
20315
10244
8026
1280
16549
11371
5302
1191
20095
19278
20592
16060
20429
1994
1334
9489
2421
20640
20578
15889
3110
18077
11857
16770
17892
4725
21432
9948
18151
11047
10460
11076
2015
3086
19865
6885
21142
13467
16235
17701
7199
15746
2139
6873
12839
11282
13773
19544
8108
16435
2868
19391
16075
4392
21251
13103
11644
11194
10004
21756
12777
14103
16108
8060
14194
17298
16012
12244
9548
14797
19427
10822
7448
16028
21334
7437
19418
14115
4516
1116
801
5201
2666
16846
20399
9541
12307
7802
8031
8399
5733
17147
9341
14929
1875
2267
3543
10590
12018
14864
13548
7641
20316
12788
4795
20831
12482
12039
21848
1841
17540
8246
12905
7753
15471
3617
20530
14224
19830
8182
15216
13766
4815
17420
12710
13943
2998
4862
17980
10895
18468
18947
2296
6496
17896
4789
10208
5511
4227
21794
3555
14857
16585
1414
5851
10035
14807
5084
9613
1357
21713
16155
2990
3260
14513
7818
7839
16242
13944
11674
6101
17685
17167
17617
17283
7489
19821
21120
514
14821
4525
1016
21347
8606
13685
4206
5614
5401
18060
5863
19636
531
4612
21614
9551
5588
3049
4249
19277
16457
11714
10654
6144
7782
9918
12751
3610
14285
5150
14503
9313
9895
17925
295
21107
16824
9501
21427
1513
10549
13808
15035
3449
17141
21475
9933
2252
6182
17094
8632
18456
1877
15135
12013
791
1362
20338
12452
11229
8949
14517
7332
18217
3898
472
17253
16167
15432
3736
17940
16610
1320
360
8681
3509
4098
20940
1335
5936
11350
3713
6827
14076
275
18104
21539
1873
715
5714
16405
12177
1395
6540
4605
4705
17019
7078
14217
17429
4281
20144
17300
13875
1889
17632
20713
18969
5940
10753
19587
19081
10483
19227
15838
2696
353
12155
17035
9786
9818
16346
4060
13940
10864
4295
13280
20795
19962
21320
1496
14018
13079
18916
15825
19776
3939
5543
16893
4449
4084
7667
19970
5362
8045
16724
9934
15987
147
14885
9639
14029
2592
11452
6450
993
13817
5041
12045
17674
9871
2155
3515
6058
17162
9755
8145
663
2694
8793
2655
1216
20668
13629
9815
16079
2604
1944
13153
10346
3034
3741
17408
16636
21810
10476
7952
18090
18711
16189
3654
19462
9116
20499
9870
2740
5962
9070
10963
3351
15977
9974
6795
19235
20848
3436
8249
3390
21483
5231
4813
8752
9423
17831
21091
11175
274
5350
11619
13307
7731
13845
4365
19110
3502
11248
16238
8283
9944
14529
12886
20696
7260
9260
20883
12686
10417
12821
20434
18774
20300
21446
3116
17064
4893
20284
9852
19012
7696
10468
13728
14300
1604
16340
2774
5140
17292
12636
2093
15918
6320
13311
2449
7209
4097
7140
9928
15158
15019
8325
4712
20507
10462
3019
1619
20676
16021
12208
5081
21399
1694
7609
12666
6372
7585
13092
7354
19382
18818
19155
3414
15454
8328
19644
96
13747
5280
2785
14574
7739
18425
12987
12800
12746
16464
9173
1525
18717
3689
21757
405
21397
624
2152
16898
17599
13853
19704
15494
20862
528
5967
15004
15420
8257
12225
4151
10684
9587
5470
6422
17120
4101
20257
6725
12169
15297
21092
8902
21505
7509
904
14754
13777
18898
4872
1758
6819
13530
7125
10406
14424
17544
21146
12149
2731
21782
14759
17275
10692
4184
13680
15744
15891
18635
8467
7389
20999
21200
12314
4209
19204
6298
17596
12348
7911
16776
17686
11114
9167
17714
17027
15626
2995
10958
19048
17249
4935
8836
11818
12489
2767
8562
13214
860
9669
9445
6246
6987
1458
5495
15005
12431
10794
5797
21181
7784
987
16547
17442
3930
12269
1442
16093
7099
11589
2163
21049
20303
11876
9813
16452
2560
19956
15350
9672
2441
21847
6853
7473
15461
12524
917
13419
11875
17146
1665
17960
8349
9657
20363
16389
19682
7468
17017
16719
7981
15166
19547
11945
598
11749
11202
2226
17014
5839
45
6003
164
11079
10289
1342
9418
19222
888
18002
4048
1955
13462
2212
3761
14845
4357
1145
3467
49
10386
32
13610
14195
5244
4732
8586
15684
8032
9004
1054
7523
8568
18030
3147
15289
19620
11994
17385
14147
17503
2446
13732
20185
1310
11111
14918
17550
7723
3161
3354
15269
1002
12297
6861
6849
4636
4787
13659
6722
2378
12216
5873
12690
18185
2831
4622
2043
12000
16277
8733
1786
18081
10281
5199
20450
18580
15911
14779
10154
17090
276
5032
12353
19580
13871
10758
20190
17368
21575
287
17979
6133
17969
7963
10377
15077
20306
11172
16911
5196
2114
6820
1268
16511
10760
2389
5020
10856
13504
17347
11436
19153
8289
15083
20791
18262
14854
586
2146
12483
2707
15071
8510
2363
15477
2591
7011
13393
10294
6541
8986
1734
17337
3772
14280
18048
13589
7794
9455
7315
6314
1667
12794
18901
4430
3929
16102
7251
20589
3126
20896
21388
20685
9205
19685
16746
7996
20631
3513
7346
9369
7443
10544
16378
7240
1376
11337
10337
17395
10879
15168
20173
9094
7444
4073
19818
16918
13910
9315
20524
2900
16116
6018
7339
11129
6114
315
17702
8920
18839
21241
9735
19911
10334
21771
1586
8164
852
11533
2217
6954
19364
2643
14654
12121
15106
14418
6583
15797
12469
20407
12802
162
10756
2844
5603
10123
5242
4483
21595
17637
7335
3749
16362
19941
3249
10349
11300
14254
5209
17248
628
4452
20576
5691
7357
12734
20355
7665
19986
2409
5618
5833
14244
17284
12295
11088
10241
7751
18906
11448
15416
3185
19499
7893
12729
5544
14916
12470
17591
20457
12267
1588
19329
15479
6703
1918
9058
17624
1373
11873
9290
2237
17679
8113
3102
16633
6251
7660
8020
19650
10817
893
11559
11108
6927
7889
15433
21
14705
3027
8960
5594
16959
1105
2812
10575
18107
14138
17997
17388
270
10395
16449
3758
7846
21057
5631
7023
15712
692
19868
2132
3791
10828
16692
14002
5038
20728
14746
17062
9540
13120
18730
7580
3181
18833
8376
20518
189
8556
7155
6113
12796
18533
16735
2508
20621
15872
15805
2977
9562
21252
17152
20058
8612
18531
4921
11118
18779
15532
21766
2011
19403
3619
19894
2737
6326
9134
14183
7474
13841
9858
16799
4130
17413
6852
6787
16057
13131
4868
9396
12834
7757
8446
5100
21007
10488
3921
232
14145
11309
12962
11252
11709
6418
9692
12902
7916
6902
5824
807
9909
244
10375
10198
4127
16288
13522
12231
1124
4703
20201
5586
12854
14325
2789
16373
18386
7577
16761
18256
18719
6175
6412
4911
4586
6169
10080
614
11934
21451
6707
9083
6523
21275
16620
11951
11239
12580
10152
15163
16744
4321
1151
20599
21495
18064
14246
2467
10136
7642
3225
14043
15349
8548
14900
3041
16909
4552
9611
14104
193
4291
3973
12411
13490
13897
15869
19604
9991
1176
1764
11446
769
8037
10967
19695
1702
5009
15544
6737
21548
3293
18538
3737
12763
11086
14402
441
11441
15162
7201
10543
5260
14970
18498
21174
13998
20125
6329
8370
1751
13968
20675
9355
855
302
21746
12827
5900
7136
14881
10495
2815
17193
9136
18811
3278
6973
3109
19522
9482
19772
16926
4930
2692
5452
20937
266
12565
11059
17535
8502
5841
2979
10696
21501
14989
19995
6740
15396
19738
19736
7150
18214
2
9810
9175
11750
1317
21368
15360
9864
9811
10109
980
9845
20914
12150
10731
13969
13107
20910
13962
8099
5457
14874
21481
3666
10482
17858
5638
3712
13224
8318
18798
10137
20958
10447
19130
11607
19907
1757
6761
9017
16597
8816
19287
3813
1453
13959
20905
12519
1276
21693
1997
10148
8075
16472
8844
9571
20162
5068
20260
12178
21556
4115
5723
5496
2255
9520
587
14605
7743
9047
95
10369
16120
4949
17551
21038
5580
13304
18977
20598
19997
21803
11888
10481
15002
11787
5440
17036
1830
13499
11577
13533
16276
303
2733
1443
8490
21129
12160
4009
17176
9961
8792
20421
18949
2564
13430
2138
3926
14722
4648
20826
17302
19075
11485
19568
13768
11123
8149
11555
1596
9717
13591
1427
17165
21126
1699
19823
19296
15404
13457
4397
6395
256
20851
16896
15618
2158
21304
14131
20189
11465
3187
13594
12618
12219
11676
8789
10607
15867
11407
11327
8174
11243
16504
594
3031
19846
18882
15039
5423
1906
14226
11211
11617
8019
6509
16349
18298
1941
18622
21254
4560
17879
6728
18601
17851
12628
847
13973
5181
21177
576
17825
15782
13317
17756
17961
11773
18251
14516
4854
6242
11712
2123
15614
16337
20150
18799
4778
5819
5977
3888
12606
5139
11637
12677
6799
10131
6670
17346
4198
8167
17222
12511
14201
8547
18988
1904
12175
10990
19622
11553
14712
6808
19949
18379
3337
16757
8303
3547
15839
7670
10666
14100
4271
15947
15871
4089
5919
1099
10336
8782
3562
2922
17445
12694
11264
9727
2476
10946
19507
20481
6374
14347
8805
16609
20106
4929
12428
14037
19133
16831
19813
882
8132
20650
2067
13528
15283
20690
3715
4421
10379
13471
15719
13051
18568
15411
9223
10318
11319
6848
17396
7383
5727
2082
10884
11891
19896
6777
11526
15359
11527
4468
1469
6177
1697
1703
2684
626
10569
10733
1636
13456
12275
4
19518
2241
21253
7113
3162
15758
21215
18783
2258
16974
21630
7973
19214
2124
6932
7365
8760
9574
11665
13874
15112
6026
2033
19354
18193
14859
18384
9594
7600
18627
8968
21461
21533
15354
8827
8886
19815
20277
17100
16098
3083
11000
10997
5549
11733
2075
13435
209
12994
14548
21239
19959
18997
20704
2719
6400
2193
14033
7238
17244
10755
8868
962
20061
10877
10988
9590
17088
138
15191
18334
11028
2887
3812
17124
21106
7134
9025
10961
2529
14181
11680
829
4971
3723
18427
4904
19793
14490
5789
4109
14505
5935
17143
7031
4547
20037
17731
18837
5409
17079
20255
1001
15483
16826
18159
19042
10809
10603
5630
7395
1726
686
3328
9601
3882
11837
13714
17131
11956
21753
18218
15607
7239
643
14585
3386
10389
15200
21504
20364
5085
12554
5373
12331
21538
21569
12572
17247
14869
21170
6870
15736
10059
7628
1431
365
13239
1518
7532
14199
247
110
8278
3857
12310
5878
19946
19678
10930
456
17317
1499
15625
1389
16832
10714
11384
4686
18809
7645
2122
8150
6975
20440
20780
8391
1584
15978
15117
20770
6978
6527
4066
13704
12303
19991
15147
20632
12744
2337
5305
12589
2371
11373
7583
4069
11972
20251
17398
2211
16902
21583
12368
9566
12849
10537
3721
13482
21635
8944
21351
6312
7064
20105
11814
21372
5093
849
12145
20274
6272
4802
10469
10579
10843
3247
13604
8493
17745
2803
765
2523
6763
2537
4698
9346
19270
12055
21711
9091
4543
16341
14260
13502
18370
338
6935
17647
8941
6847
17797
9432
1556
14040
5662
12767
2356
6075
9888
9069
1140
16809
1206
13148
4416
6971
13303
20735
13100
13809
13368
12838
1857
19966
15025
11013
6163
12803
19631
10000
5398
1070
2536
46
13401
1691
12760
5721
3907
14286
19470
17824
19683
10969
6179
3708
20500
16582
7305
3927
13882
21095
8652
2176
6064
21052
12600
10268
16239
19643
14328
7674
15514
12115
8674
21752
9212
10215
11822
8453
6618
1323
1732
5258
10526
16112
18550
12521
817
6135
19747
11009
4201
3447
6623
15737
16266
17948
7377
19540
18695
3088
13956
7348
16857
12569
20290
7905
1572
1247
1844
7866
21786
4080
15136
15486
9484
15647
1464
17775
28
10627
13160
3764
17220
1305
12432
7211
14579
20864
3169
2601
20435
11741
17712
7081
12625
16325
17379
737
16821
2305
18733
12182
4825
16234
14251
12626
402
3642
20438
15649
16433
18408
12988
5513
4406
7275
4269
15488
12960
6152
2546
21838
6128
19880
17693
16678
17324
19481
12409
20765
3236
3105
13087
15857
16814
4684
2520
11169
11982
19591
20269
2483
4824
1635
810
18482
7563
14676
14958
18102
403
19801
1868
19692
187
505
16868
18221
8513
1157
10971
1435
9879
3601
12230
21566
13159
15334
21417
16474
5615
5713
5763
13382
9869
11480
12972
12468
14179
17455
14200
13454
104
6828
13380
9192
838
16733
15296
12869
17904
9076
21456
10253
7388
4881
5333
10759
1415
398
19996
665
5777
5808
11517
2712
4614
1517
8626
19660
10718
20501
11322
19162
13337
21265
15205
20124
18020
20292
870
3739
11344
5860
6324
4613
5376
19955
9390
4436
10303
3383
3682
11528
19638
767
10628
16129
11369
12328
20133
8217
8106
4502
4464
18872
20442
4758
13798
4431
14558
13513
17868
4386
8158
9100
4479
20626
20088
19028
4093
21203
8147
7632
15915
9151
18246
1855
9243
15274
11889
18684
3916
3235
5351
16106
12380
13421
20458
11081
704
5497
13098
17069
16830
20907
6434
1854
6804
9656
14658
3491
1261
18056
17438
20990
3495
13506
10709
15814
19760
299
1120
9704
9273
21737
18780
5121
6467
64
17708
20878
6746
20736
1730
18165
9203
15589
3157
9984
19021
9769
13646
13578
14681
13789
8297
21373
19657
11957
15537
914
13938
6092
8679
21558
15277
10203
20280
2372
8309
8851
1741
11330
10671
17026
12043
9908
6245
4441
11802
17841
2161
18869
15348
21148
10394
13555
4192
11588
21758
10674
13196
14257
8927
20921
78
1550
3468
4173
11277
17430
6730
7733
11353
11606
17390
9119
9054
1975
940
18602
3960
5799
12390
13031
18582
2888
5435
20898
9378
13716
15242
5238
7149
3897
9543
235
11244
4215
4342
5159
4134
7427
8114
18758
9897
4734
3057
11645
14213
19842
12713
6964
8992
9409
8987
5651
9701
195
7380
10876
19571
13198
5324
8403
14258
1531
13114
7540
7712
3394
15241
5953
10262
5268
6485
19061
4129
6262
5665
10076
6040
19414
13090
9195
6264
10193
5256
9734
9301
6120
2147
10218
4595
2445
5419
4044
14998
1745
1819
790
8508
10786
11991
4177
14528
4368
17532
449
20211
6646
2669
12579
7273
16665
16819
14406
7029
2175
13549
8476
6770
19416
17951
10878
12201
21719
15352
15916
1195
18819
1491
12125
2207
4054
13392
21625
16545
19371
3149
15206
13585
19862
21435
2515
14563
2301
3294
16149
14170
3428
3480
10302
5903
13376
12557
215
16294
5422
19628
10220
18431
21221
4369
10722
19711
9761
1257
11
12648
13661
10797
15771
8242
9485
21303
7272
16033
20585
8040
7114
3393
13477
11524
12199
13847
3036
13116
4284
8914
10578
1969
9169
1343
985
13951
19940
10604
3094
4697
18243
3276
4633
5956
18490
13025
3598
15161
20451
17361
19415
17821
21282
3342
9509
10508
19975
7500
20691
13927
18940
3707
10559
21329
16586
9893
5019
3078
8549
1891
10546
3760
19506
18000
2256
3452
13752
18504
12877
13495
10835
7329
9593
7687
9291
18247
16853
6472
3029
21841
19292
4323
14888
12274
3362
9433
10024
14532
18735
5734
15613
18572
6458
14861
21445
10355
19336
1943
12283
541
1915
7850
5545
5525
14337
18445
18639
14056
13215
8186
17690
2589
14533
4672
2316
2196
5167
1620
20422
11110
15699
17622
2795
5973
6218
15298
5210
10717
16295
6694
11960
7447
16308
11134
15878
559
14781
18308
20119
12079
10565
15691
1093
4553
16128
19298
6273
13016
15384
10345
10659
18607
4826
15634
7203
15079
14171
15709
3096
20131
5438
12753
15412
601
3656
2285
10317
14428
20012
4110
9780
3271
15207
3103
21017
11106
1543
21276
1629
20717
11642
14340
5035
13775
3152
4879
13272
14441
12977
121
10397
19166
17369
14848
2501
3896
19744
14683
1752
9558
19068
1008
6255
3462
14742
10307
4043
7221
12534
12709
13837
11923
19761
951
13449
14520
21540
1760
12166
3150
11443
5217
14966
14176
10771
3173
9179
20321
2059
19265
11700
8211
9387
6993
2734
16103
15897
2921
18092
15199
16910
10065
11864
21234
10824
18530
400
20454
19103
6280
9457
14810
3283
16417
20146
15980
18609
16520
20168
8091
4621
416
6404
5976
4455
18400
19586
16443
12584
9446
17973
11513
5288
3458
16651
7452
5129
17281
11024
20607
6665
10574
15933
19597
7771
17872
6202
1368
15879
11145
17558
18411
574
18098
11900
10264
323
10778
15444
5234
8935
9095
1325
3680
1232
20775
8363
5567
12733
14263
5300
10017
11927
2498
8846
4983
15986
13341
21494
7590
2582
16323
9300
4589
8598
11153
10962
4247
9427
1004
9762
7186
10466
14330
4263
15443
11615
19732
18787
15643
10957
21117
9242
8144
1733
2559
2566
15172
6701
6406
19740
404
17276
9411
13384
4087
8027
14951
8830
17625
11791
5368
15988
106
5331
16530
19721
14808
6863
3298
17375
8319
11510
20382
2360
13402
18283
17419
21486
8199
20332
5340
2265
15193
18939
19993
13096
18016
17584
2319
9914
15708
6270
10815
9936
242
15616
21674
21700
9268
11213
14446
3866
20774
9794
19349
19090
5880
18844
7661
19259
17786
15526
19401
1153
16431
17791
14645
14163
9102
1095
18771
19567
1848
1536
1607
15100
20835
8352
18958
13390
3587
12136
12109
20596
8475
18069
17539
16978
19680
21242
16941
13197
6685
5176
10615
19495
14189
4371
19951
19250
1672
5474
9980
4928
4958
7406
21818
1364
11657
8597
12819
14568
21697
15937
21414
12098
4666
144
2786
3311
15198
6362
18174
7606
2616
3946
2570
8720
6055
8258
18019
12370
8268
2495
21821
3343
20895
7116
5058
5145
18267
3003
10092
17033
14205
6205
21363
3546
15324
12672
16764
19639
5762
10611
19116
15566
4955
18421
8103
6267
20975
5052
4793
3646
9018
4709
20220
3292
19269
12927
8039
10084
2877
160
2953
14667
6417
12685
18893
7683
364
6192
2311
11768
5381
6534
16908
4388
21623
6475
10411
537
20250
21236
5515
4663
2077
14152
6438
4647
9556
5540
12787
16725
20613
14143
18900
14132
13707
4898
6600
14834
18201
17111
14384
14324
15008
1613
1895
16426
5991
1582
4152
10255
17502
7036
9060
3789
19942
4591
12402
2715
5214
16328
18978
11113
19550
9917
4230
10445
13277
5753
2420
657
18912
14954
12966
21345
8271
10282
10560
21079
14092
10622
15847
4700
9450
11807
19777
4724
17946
12715
20853
15798
2901
14556
16031
12910
10467
12812
10280
17986
10727
13989
10034
6593
15632
5517
12333
10273
19315
8819
14448
9149
12809
7398
6178
17519
2884
4214
9377
14075
8459
1693
11998
7217
1717
9578
10936
15875
3798
18693
14379
12676
3889
21602
14175
257
12789
18357
1180
3763
14772
7976
12641
1170
3483
9123
2759
16954
13722
21825
19207
20633
636
1939
14801
17891
10690
16491
8331
11249
12938
18036
7076
15972
7792
4823
12552
10694
5211
20406
2613
6155
2321
17826
15500
21130
18981
21732
5393
1190
17299
20167
20345
5329
5693
11089
6813
9890
5801
15300
6345
1107
12161
20575
13580
3076
6038
18816
19033
8407
14101
2865
14290
21622
8193
4769
564
3060
6858
11383
12228
17709
9453
17910
8214
7144
3431
20492
10251
9534
20493
5142
10591
7765
3085
12629
21562
20651
10920
16915
8260
11666
21147
12334
8727
15364
8738
18278
12095
16829
5877
8415
15045
8804
11094
11869
8445
17075
15812
10983
5625
13221
17355
885
2903
20753
17555
1251
5516
3843
8637
3381
13511
10197
7072
10421
17890
19168
6657
17670
9132
1644
10310
17848
17639
9931
15811
11883
20121
907
14031
11571
14691
1592
2223
13431
12195
9720
12646
9800
13558
8563
14706
13445
16737
11154
6162
15489
10196
11449
1018
17590
5528
10007
4094
578
16795
6294
20223
3901
13189
4777
18521
4609
5697
2413
326
11387
1652
5532
19779
15792
21694
16561
5307
806
10400
15794
1269
14423
12926
2478
2259
11611
813
21321
7998
11482
20455
20555
9523
5179
2004
19774
13644
14812
17553
20506
3418
21143
12462
5591
18398
9162
4995
7119
11427
7534
14752
8030
3158
9839
20680
11019
16269
13436
19395
16822
11584
18619
2799
15421
8462
947
2053
9021
20001
13109
19299
17500
8137
10416
8865
1879
13791
5794
2164
7679
6060
7370
15664
593
13783
7262
9375
16758
5719
17221
2406
5322
16036
5907
15853
12820
9627
7141
19705
16560
11516
2650
11074
1519
20783
8828
3988
204
6062
20861
4275
16468
20234
4952
8995
13667
8320
1996
20017
17813
15802
8022
14298
4711
4526
21631
9905
12294
6897
9632
14603
16414
19326
13161
174
20102
20697
11267
11321
8723
9863
17050
13041
10922
10407
12123
16379
18992
14771
2505
15624
2736
2757
1358
13788
14494
4660
20534
5488
8766
5939
4993
4296
16522
19327
7200
8857
7662
18604
19484
16783
13151
11256
7349
7233
10306
20385
14960
11494
5135
8731
9062
21316
20832
10174
21680
2235
12931
11699
2260
18494
18720
8833
15316
13500
3409
20544
10230
6815
5995
13894
17962
20611
1366
15262
11971
21296
7086
2522
5367
6563
6265
14509
12153
15835
10635
12223
11224
1922
11653
16156
21482
9582
4681
19539
10319
13872
14293
18304
18424
15288
6575
18332
2949
15599
12568
4437
6786
6644
2094
19121
14740
722
6305
4925
21564
14005
13518
13267
15777
14877
10443
1436
7610
7706
21294
15687
14249
15113
12340
14497
4836
4510
20096
17520
1339
3819
7196
16531
6466
7699
8710
11467
20879
20756
19258
1950
7968
6520
8355
13256
10849
15318
11155
16900
10970
15418
14239
18447
13442
19397
20479
14050
8855
16709
2823
7550
18303
2835
10316
19355
2387
16459
12300
18067
11161
16727
16165
20256
16174
12371
12074
18250
10806
14733
816
9150
9630
20788
18325
3174
1661
20849
19180
696
20793
15722
20952
18410
9139
16612
17855
2269
3219
6629
5654
15903
20648
14729
18466
18803
8772
12937
19900
9239
13601
19795
7313
14577
3643
1637
21158
10669
1668
2085
7801
18987
2174
8308
19601
15576
15852
1032
7821
11694
11871
10661
5927
9518
18975
20242
380
13287
1480
12507
7333
384
21250
6481
15948
20828
1540
7082
2128
2239
17093
8608
1273
19505
7277
13464
6503
1885
12023
5494
702
9978
19324
19615
11761
10541
4775
16029
12911
19072
5360
11625
18059
2382
5729
8053
4989
2244
8126
1068
13786
1705
6170
6937
13231
8372
3700
12611
12689
10821
5103
19971
5536
4367
18887
5786
10156
4337
19018
19696
6066
6929
3890
18690
12186
21582
804
11205
16437
17753
7426
16682
2557
15446
122
1262
13582
10732
14930
2648
8719
2396
14830
6710
9111
16782
7744
8646
19778
20045
16071
12634
7785
16227
17974
13444
12745
14896
1233
4980
14385
5578
14030
20004
18532
12936
10254
1045
4639
19475
19849
11858
15177
20594
4718
19954
11499
3444
18814
7028
16050
14299
7414
14407
13478
6116
11259
11958
14437
10085
710
20541
5483
14063
6398
9034
15881
10913
13792
21688
2892
18228
8252
17999
15211
20127
12697
6232
16945
4994
3333
20943
9257
11910
15728
12684
16090
10461
6922
8444
14140
16914
13220
16404
8907
19101
21299
20620
2390
8765
20989
4555
6720
7235
1774
15692
6715
4491
9298
6532
10793
2516
5959
12128
8791
21638
3269
12148
14663
11139
3833
6039
1506
13814
2341
2257
3484
8432
8005
13712
2681
5965
3370
2622
11090
8635
16047
936
3318
20702
21620
9367
5427
16398
14636
12845
1834
7943
18338
13746
18606
288
2817
6164
10847
7479
900
21218
20652
894
19715
12180
14608
19904
12915
4678
11963
15400
6043
2039
8076
14447
10642
2189
20425
314
19503
12906
6880
11253
15431
13089
11737
5077
818
20276
14630
6627
1245
20942
1812
4187
7127
20304
16616
3204
11091
10290
5282
21605
21269
4566
18560
15467
2982
526
11638
19561
4158
10168
10233
19810
3474
20111
16418
1312
5059
5641
13019
7995
6834
12704
3637
18238
11209
739
6313
20918
14322
3407
6711
8473
2895
13455
20103
10609
4467
8054
19471
9304
4308
377
3002
2639
115
1678
20396
11336
7423
9196
16879
2120
10978
2242
2710
14895
12130
17576
3042
7835
7542
15914
4532
12326
16521
11887
19938
9696
15204
13626
18006
19979
15074
11850
4761
10921
1962
18930
12608
16983
3779
17491
20558
7879
2007
18903
5790
20537
4629
7392
11474
4537
4238
1528
12513
2017
13022
4943
2783
14955
6580
5394
19853
13173
2730
7148
11472
1532
17405
4354
5972
8235
1387
16638
16956
10955
18259
10166
7615
9318
356
21459
5295
4205
10269
17271
12350
21383
15389
4393
9349
7198
5613
15646
15426
19367
18075
20199
8867
20987
16781
21594
6608
12653
19171
19043
21612
2962
21324
16316
6982
8170
19791
11052
6198
9311
6207
1253
17441
16717
40
4341
2204
13878
10093
12359
10330
2118
12561
1971
13086
11839
3504
8436
7302
16109
19041
136
3923
11832
18422
20437
7017
14813
7295
18351
4141
1511
4527
18484
406
964
346
19174
12998
19661
4683
21278
4148
19247
10134
3525
21281
21047
3903
9979
14327
2066
5740
4803
11843
15419
4723
2896
7234
6338
3529
17059
12874
5198
8431
3319
1394
2417
2550
12985
20414
9384
6479
8910
9902
9241
19095
14757
5190
956
392
5775
21520
14191
6839
16587
8977
11654
11464
11104
17766
3632
7997
9082
20924
8505
7919
7147
21814
20141
5608
7026
14560
21537
15275
864
16605
14711
12213
540
12776
19359
4557
20695
10221
18905
21366
2950
182
4919
5039
15658
3753
5417
15386
18507
1333
8555
20985
2084
4298
20253
4255
16600
2677
12837
7041
6620
21199
1958
3279
13914
11562
5946
15016
7202
15287
8200
9675
9920
13525
10235
4860
21271
15137
9327
17172
20210
3877
18111
18268
18237
18412
3506
11758
8501
7445
1503
7953
7878
10099
14401
16200
17328
3662
6127
21139
21093
15064
17908
16942
20747
13932
2525
20007
9339
9633
4439
15605
8978
2935
13512
4939
17037
12220
20344
15936
2318
18038
11901
16687
9615
18226
10008
5843
10775
11879
5327
2052
11744
101
18315
14669
5908
3979
19424
15179
18417
7841
10701
14302
14595
4963
6213
3863
18186
12894
19714
9370
10042
1205
2210
5380
5405
7160
12943
15619
10723
1041
20076
16243
19002
16217
18796
6230
9187
17614
18549
42
20366
142
13333
3331
20309
14949
14590
15012
5709
1
4019
20565
12276
6963
4781
1731
3537
15527
19988
13329
3499
602
9634
1487
5421
5112
6253
16705
20143
9008
4260
4283
4818
5332
18747
8087
371
17611
12990
16838
13348
17934
10399
20235
8714
3672
12093
17952
14064
1599
1587
1161
8474
5149
14288
9954
3675
1236
10897
11882
16104
15183
20243
1211
6601
17366
8975
7805
11740
20359
20149
9414
13782
8288
3849
20801
20288
4268
15982
17251
4056
5945
15026
2246
10459
21837
18751
14377
13123
1181
7547
5319
10067
2115
457
6070
10365
14941
19871
6188
21471
5186
19606
6056
2955
12880
11778
18401
16259
179
17129
19822
8155
16249
7871
678
12542
14275
2728
20665
3242
14876
18033
17096
4461
11396
2071
19730
19743
21063
13450
2999
5064
264
13772
21473
10667
17277
20202
18643
17750
3155
3902
2881
13285
10479
15128
4105
12472
15434
8448
5666
6405
21465
10165
6920
10748
16631
20624
6482
1576
2946
9569
6105
8478
18577
5392
12546
14953
661
16950
725
20784
13598
8518
2162
19608
1563
245
17733
19934
7455
10167
18321
17863
16999
13469
15151
15993
10906
5804
18305
8889
9719
18029
17040
15580
606
14702
16261
20132
3599
18516
14627
5339
15757
11959
9965
1375
15272
9537
12232
6088
4682
16584
15543
14843
6108
16951
3950
7411
5835
2698
908
7730
2463
998
5796
8540
13121
8891
21836
14965
16685
18216
5957
18920
7692
21571
19857
3517
12939
6365
13170
8136
4469
6564
13827
20031
18143
15356
8140
373
6258
14077
18371
12693
16892
2775
20684
999
4356
5227
1794
11661
15905
12224
13370
12044
1605
15069
10550
17597
16557
9816
5756
21511
758
20083
1388
7495
17829
12293
4340
17453
9898
1187
349
7885
12325
14549
6497
15583
10739
8421
7369
5153
1466
3717
11924
11382
3980
7636
13778
5687
7791
10057
8340
17052
13070
4440
9838
12503
15284
11964
15558
20216
17966
21159
13319
1104
1991
11228
163
8236
2041
18543
11545
18515
19509
3477
6349
622
12855
21255
8428
9314
20186
1311
15730
8177
8928
18204
16756
12725
5334
5672
599
19152
20226
17695
7183
15676
4905
6377
3082
12203
17995
15099
431
2928
13885
10571
11425
12315
59
17294
21027
16771
15090
6391
8860
4710
15665
11071
20721
9118
21718
2947
17468
9549
3981
12593
17913
15928
1938
14927
19452
19223
9224
15141
12674
20464
19863
8296
7612
13001
12396
16927
12822
2469
12543
730
4720
872
3766
11885
3771
4907
15912
1030
2685
1656
20097
3532
12577
18022
7957
14923
17258
13249
11635
3711
13180
7244
21343
10680
9153
16180
3232
7054
75
16176
11258
6521
17031
3334
6504
2834
1321
4310
11683
4652
4312
6638
9702
15590
17046
9793
7747
2184
3241
1912
14975
11747
9887
2561
9792
11026
19903
87
12862
20461
20859
236
3592
14649
7176
6110
20082
18207
8272
17764
3493
2665
9693
1014
12682
17932
10304
1445
8911
15212
13078
12867
19220
13208
10263
5671
15983
585
14905
7058
6679
20477
1823
20612
13223
10286
858
6468
3990
15060
10677
13737
4716
4223
1081
4953
9913
3944
9138
5702
12797
7796
10857
14148
18329
21606
19888
4577
12060
8496
6802
18688
19137
15055
11365
2638
6371
5013
21230
18675
13843
7591
12749
11326
9109
7475
1568
10678
5554
1779
5639
1882
15685
17977
15441
12528
20520
2791
1578
18451
6865
7725
12643
9586
17747
14531
868
17629
15050
833
21136
11819
21288
19232
9649
11230
18578
19038
217
1713
6558
763
6158
11770
9878
1481
7061
11711
14778
5109
4878
15408
9209
9146
3051
13029
10592
641
20703
4617
7459
4234
4035
5250
11621
18517
11399
12846
16161
9236
6065
8378
17056
6190
9228
6140
19187
3867
17049
4258
17518
11329
17459
797
14598
18428
18631
18785
21185
13493
1767
17524
5710
7681
5171
15451
21827
1129
10062
1737
7715
17675
4470
12465
2565
21728
13129
11208
10498
10149
13796
13621
3199
183
13755
7892
4897
18483
3953
9677
4074
3035
15229
4013
11629
13192
7552
14620
4314
18337
13764
7576
3282
3510
12852
21046
1715
19931
20176
9317
20505
10741
10115
11450
19676
11977
6587
240
17182
8901
11856
11734
16254
6741
11600
4399
17362
14409
12250
21440
2133
19840
10561
7306
5
20278
6925
21154
1571
21617
10587
7013
16130
13262
13648
7710
15788
10344
8014
14383
15390
12185
3676
6044
15223
3044
2416
1039
4783
18460
3256
2813
15301
11181
2034
18491
7804
21006
6416
10563
5320
48
14178
20742
2969
20341
17310
17564
18025
14316
17840
1947
1057
8064
10816
8658
8742
937
18873
2411
1988
16703
11605
7350
8302
13297
18562
341
19973
17761
15329
4028
9760
3119
8483
12630
11305
13628
14485
6798
14647
16236
6297
8312
14968
4114
10812
3114
8940
6607
2894
13833
18011
126
4220
12354
7018
1246
13596
7284
6381
9802
16677
16660
15230
15088
3868
18727
12332
3920
19225
9589
1548
224
9768
4183
768
15339
815
6926
10066
10683
1565
17585
3992
10347
15957
15651
9894
12212
10742
8874
2169
12454
14331
3093
19989
21450
18099
7508
9275
18231
1680
11725
3527
16148
12395
9112
3724
19877
9424
20573
20462
21213
12705
13900
9466
14117
3151
15628
12956
8810
16532
7680
10157
9515
5875
8124
18078
5200
11379
15994
9959
18919
20986
5489
18761
21362
3243
15167
5034
17068
13741
14709
10047
18261
13804
1753
3966
2332
4814
3196
21604
17309
15663
9031
21377
19764
10977
7229
8385
3178
21164
13157
2521
14462
8807
19117
7019
17949
12553
2385
12952
14713
7178
5371
3309
13306
8138
11451
15592
14540
4664
15413
2292
14748
20777
18571
11025
18290
2450
13524
2549
4346
9023
12174
9481
13185
1986
18767
7510
5336
5046
20108
14358
19194
4389
9477
12108
10638
15888
11403
793
15968
821
11536
14093
6619
19859
466
7360
3123
13793
14622
9464
5321
20177
311
14538
221
14588
14862
18966
3847
239
4834
12825
17730
13715
10374
3660
12226
21422
11537
6119
19882
12918
2046
17549
11862
6318
9993
10612
20145
9756
21245
14457
3056
17159
4277
9444
5424
5060
20207
4719
4081
7112
17025
18528
12389
9595
6836
8976
11370
8285
8284
177
4026
17066
19406
21229
5133
14870
10258
5579
616
19032
21640
7614
595
16067
13347
19069
20688
942
10711
4037
19814
16199
19361
17668
10769
19197
362
10779
4821
6639
4920
9237
21348
2762
16697
21284
21204
14782
20881
5690
10597
7170
4659
7524
1392
6517
6739
6121
8292
2156
14150
15173
4900
2626
11587
18222
20533
14478
7812
3586
3649
1355
21184
8409
21547
1793
4379
673
17931
1527
7470
20318
4624
4808
1695
12424
7207
11392
21497
5575
3321
13154
20715
4147
11649
9645
3622
205
8172
11062
1688
7124
5769
10886
18219
4276
18737
20655
5546
19483
1832
210
18153
17380
10648
1963
10975
5705
6498
7482
9322
9122
9235
2200
20535
19438
319
13441
6663
14644
9865
5454
21067
14472
15890
20314
8055
17836
6012
21378
17048
7456
17652
15679
15831
17751
16164
6195
7280
14000
10872
1270
7179
21795
6176
13649
10463
4874
17801
16937
17018
16766
3129
4161
10205
7598
8041
13060
10767
14602
6470
2287
10194
13439
5682
18559
19887
3559
14920
1539
9256
954
19652
20876
1244
9989
7214
7014
9776
15848
10045
1117
15225
8206
20762
12832
5406
5619
8412
13568
21774
16803
2778
1932
14391
2743
18390
15650
18881
190
1158
20564
2980
18234
3955
17051
3322
7132
11541
9790
20388
18678
16481
19635
7162
16343
1722
14245
18476
17618
14294
99
18363
9107
3317
12526
16487
21783
3770
19443
1761
13742
5802
4036
4817
19766
5766
6244
16355
14388
3752
19275
8576
6473
17330
10875
13139
21542
16473
9620
5772
15766
12517
10839
6023
8591
15018
11981
16395
17486
9475
16397
16192
2100
12922
13459
2633
19346
2475
2764
4739
17295
19697
10440
8651
1352
9049
18296
19337
4067
4864
11505
114
18258
15292
17754
2228
19185
511
3389
2376
1948
14361
19260
7959
19280
3454
17000
166
12742
5311
4226
14403
7689
11987
18101
14827
16413
21003
14684
7719
4457
12592
1559
12971
14373
2672
14695
15455
6811
9416
10649
11442
19233
1048
10332
5471
13106
156
12522
3165
20502
6697
21853
9825
10719
776
19011
16694
1118
172
6676
21720
13592
12480
7899
16282
5155
15429
13174
8991
8223
19939
8590
13260
17604
3544
15252
6515
18120
11954
10350
7555
8773
11039
16977
6033
13896
7966
13505
658
21286
38
11681
11800
8452
19632
1569
11018
14675
4250
10941
1165
20011
18772
13012
1616
16670
19492
19104
16184
20960
16368
14898
15032
1993
16247
6049
4559
15260
8979
1100
20339
11368
17118
15126
2758
13647
6584
13195
9602
5146
6425
9379
992
6528
2689
6953
4573
16470
21240
6908
2551
15899
6210
10619
6392
12401
5754
6812
2143
9674
17435
11034
7951
16768
18350
14578
13930
8481
20154
9459
18345
5598
7522
9808
15236
7212
3259
17363
5695
19135
11746
10351
10278
11710
16074
6387
9713
4042
6984
2234
8107
19434
14158
16716
7658
16034
20515
3885
19560
16366
13543
15774
21256
20529
15768
2870
19829
7800
4306
6112
12741
19701
7634
19156
2769
13590
16386
12799
13660
20446
17953
707
18933
15971
12481
13756
4749
752
16072
19549
14737
1909
21808
18697
12047
6111
15935
4691
9591
1434
2825
21513
2381
5106
13066
16198
20738
19408
11045
11422
12882
12075
13890
12327
4228
3795
19065
5292
16516
7704
19523
481
2107
7402
15365
11358
16008
17724
20930
21054
10785
3746
15524
16816
207
6339
6429
17022
1839
9553
84
6136
16197
16065
15367
3013
3481
17161
13625
6103
19629
10898
15892
21449
17613
4611
5890
14633
11130
17478
19965
2578
6855
21279
6592
17095
9032
9293
9987
19675
7865
9045
3588
2699
19906
13143
17336
12959
10111
5881
18991
10125
15715
16525
18509
8532
13417
19373
13183
293
11317
20959
1444
7049
13359
14234
5070
1796
13409
13562
14017
2959
20003
8231
2843
6024
8290
4133
6780
21357
12965
15423
11581
14114
16270
14921
7471
18312
2327
6708
869
9785
17474
2547
18603
14319
12907
15053
14760
11506
4447
10534
21258
19513
20022
17013
12256
17773
1051
8015
17489
3330
2362
13320
13235
7671
5243
1024
15731
9975
2203
14278
15717
11356
17554
17256
18406
2496
1795
18144
13708
150
17651
4581
1815
4240
1676
14576
15442
19099
14542
17850
17461
6215
6850
19651
6007
3541
17742
1042
7834
8105
502
18032
5279
12478
6146
16463
14459
17552
2394
11236
12899
13636
1239
20459
1086
11235
12917
1385
21263
1933
12071
17559
5160
13651
8243
15630
2808
13396
9176
14009
9078
12081
19234
9857
11268
1412
2972
13622
17719
16081
17972
5365
7285
21613
13635
13365
3141
20829
17149
17003
19925
6578
16206
10972
6895
5974
986
18665
2572
13149
8215
9579
19316
19520
17998
7766
9749
8528
1128
8245
3175
10455
14751
13377
19897
4587
9431
6306
7135
11852
14873
14768
5073
623
1813
17768
15314
10593
13295
18326
13509
11955
21671
10354
15505
6719
13978
3222
19573
5811
18065
15698
203
12463
15551
20979
21797
2284
7519
13619
18276
9962
3925
15504
589
11535
19665
9533
15174
10151
13115
4779
21701
15190
12270
21233
4419
324
21123
4011
18980
16335
927
4224
4053
5000
20494
2366
5570
26
9286
17121
4861
5556
16146
1130
16662
525
3569
6380
9746
7252
11468
10032
1836
12236
18776
3355
12189
21418
16462
21507
16754
17598
4618
14271
15710
18938
6259
18723
19019
17547
2197
4217
3074
15790
21169
1545
11841
7958
6941
11849
18586
8253
1022
131
553
4923
709
11675
20209
2848
7068
8572
958
11579
7435
3079
4438
21062
8790
17680
1249
18753
1648
21443
16394
12159
7152
3453
17772
5720
17689
16456
20156
17928
7484
17927
8916
80
13576
19845
8900
15594
13880
3829
3446
13240
379
11184
1651
5867
21621
2976
17687
10187
9703
16263
15921
19311
18613
19902
7498
20638
141
8546
306
9097
11220
13652
18953
13366
16503
9573
10892
13133
56
19987
6513
3626
5069
14696
1386
4747
21751
21157
19826
16083
2456
12041
12782
15406
5304
19698
3873
2863
2686
20065
11728
2680
18632
10409
14461
21384
6441
17112
19456
8389
4176
6721
18878
21322
16111
12564
8552
5837
15310
21337
3108
15398
12398
375
9988
12170
6289
3240
6126
11846
15027
13583
20419
21447
11878
8375
19378
13034
4702
10953
5981
10246
18657
1075
20511
21807
5571
13666
8680
11323
18170
9787
16222
9274
3815
3940
19891
5557
6990
19163
21268
5685
6068
2747
20126
6682
18286
1097
297
17703
10887
13985
9824
3133
17359
1917
20147
8514
8233
1361
20110
11238
21531
20050
698
10966
7110
12049
11813
6842
13473
16514
21416
5952
16817
8218
19338
7301
18757
5481
4594
9796
7736
130
10891
15541
13274
1570
4208
321
7649
17893
20091
2872
1701
19967
14466
654
7027
6420
13997
19058
10904
14982
15748
7067
15962
21669
16661
1659
7886
5906
18599
5045
14412
10935
9325
15900
7659
20827
111
8655
2348
20512
11609
13508
20047
4756
15950
3853
7417
19342
11455
11178
925
1977
10600
12771
5883
9361
19024
17084
5219
20546
11647
20249
5800
18179
1777
10536
11457
17353
19405
6428
13179
15981
2851
13156
1408
21122
13279
2883
19170
3485
4212
13599
21226
184
9487
10371
8676
4331
11177
9115
1706
14289
14498
3695
1558
8533
5656
16359
8222
21480
6224
3064
19926
4506
18359
8538
7512
389
9272
14471
10993
3361
8185
16657
20741
17138
12061
1728
1910
12
9451
3983
20560
7505
7307
11582
10127
9470
7504
20653
5441
17352
7972
9323
17612
4546
17698
4501
12913
7469
18054
5535
21491
13141
9600
21811
13612
7588
13286
19318
15466
18962
19649
6239
231
3899
7803
8516
12500
9461
10973
9074
20449
12538
20733
16550
20744
20171
16538
15142
1422
2713
4050
2050
9412
8125
13832
4567
11164
3463
21816
13851
21763
12214
8267
5814
7530
1432
13698
11263
16808
21098
2920
9038
14672
17364
7926
409
19193
8559
19992
13284
8771
18063
6943
20964
1476
584
19594
8406
15227
18714
9469
8896
9911
8650
3880
6241
9622
10141
18355
13293
10602
3197
20891
14596
5400
17006
20803
10915
11186
2149
3352
21607
20657
20258
5565
11518
18728
7903
21310
2061
7347
13781
7247
8903
10030
17185
11976
17211
9588
16461
16743
4685
4608
16537
21232
15175
13613
18537
3270
8420
18043
1966
20766
9694
18911
18322
15723
15143
4155
20423
13541
13883
18404
7742
1984
15307
17888
4548
16178
20408
4180
15841
2165
11574
12596
18094
12003
3669
10088
7216
4635
18698
7105
12635
8
11944
129
19094
17720
14795
21829
20161
4913
5856
4505
21590
11708
5938
11824
1447
1902
10249
15257
3012
891
16540
12585
3455
17452
18865
15637
4933
9737
2923
8600
3445
12891
14156
11128
11240
15623
21525
3997
6988
3475
17512
17289
20769
9230
21332
13336
19498
21790
3406
20581
10001
2357
18040
5204
11473
5445
10245
9471
21212
8033
2326
4517
7697
5372
12339
17332
13615
2455
11583
14651
16881
2167
6351
20231
14136
13175
965
2180
2489
2619
5564
11150
17846
3835
17736
1381
10183
7488
12113
13050
20772
21458
6186
3144
2481
16194
10829
6410
7374
6366
4950
11961
13569
2090
18829
11196
4498
1817
16069
11679
6414
2480
12082
4425
13230
8843
10631
9087
9055
3694
6346
4909
918
14225
8567
6840
11460
16360
1718
8520
9050
21843
3775
14185
20595
6650
16010
8011
125
4774
11187
19341
19787
15739
6704
17993
13806
21651
21102
10328
21589
19107
12549
21201
16788
14342
5612
14879
1141
3969
16634
1393
6483
496
933
7129
12042
12754
4877
18715
15846
8335
17739
19700
8906
2373
14566
8092
11103
802
2608
7084
11195
7279
14395
5787
8411
8162
8749
11234
21412
16385
8898
8366
18362
15801
21365
19451
20212
10720
18495
17837
9872
13907
12084
13193
13631
13335
17472
15397
13250
774
811
11251
5943
8821
13765
15507
8524
7874
13301
17038
4884
12871
7619
1061
2047
19734
10027
3450
14489
2880
7698
5961
21344
15591
13242
280
5236
16852
5418
2430
634
3670
8082
7516
4429
4981
12785
14715
10323
6099
6614
4977
16100
18198
5306
20701
16110
16045
9398
16738
9476
16342
19958
17658
8205
20746
14237
6250
15671
16964
13137
20714
13934
9664
6083
1234
19763
4426
7123
1768
16131
3384
16152
2530
19647
14804
18191
19127
17319
4322
4065
17466
948
14467
16815
14055
15376
21036
619
10751
16185
14296
2247
13974
9731
10848
9125
18508
15553
5169
5348
10267
10948
13003
16866
21000
10077
13921
20838
18318
18050
13521
13975
21392
15909
18931
6612
15309
943
10594
2109
890
8853
16947
15952
10761
618
14562
1010
3602
2933
15362
7761
10090
11406
7431
12445
14284
10270
13840
15705
3856
2819
3257
14962
10598
13855
12407
3430
16052
11995
1424
10907
10813
3089
10861
863
2640
14987
6074
1259
4403
1111
2206
18346
9344
19600
12479
20271
18956
10451
10464
1677
16049
12621
19351
7694
5266
2573
9641
7278
13780
2695
6001
6340
14488
14835
5086
16240
20901
2725
12222
783
17498
20066
16789
6041
2062
16053
17070
16271
18556
7854
16321
12056
7311
3607
16973
1617
15171
3549
21498
17154
9822
9859
250
5623
21799
18660
12673
1535
3138
6767
12240
344
12811
3727
10804
3072
4320
7103
18319
20483
6745
15753
12287
14105
18084
20405
9244
14964
11983
20634
17936
8275
10403
20816
8263
18430
11198
9337
13177
20136
3435
6616
2850
11360
8962
14253
1927
21371
7457
15188
478
19474
14793
15895
12814
18124
6368
667
9930
11418
6268
4558
19953
10754
2336
4965
16575
7436
1639
18274
11260
2651
9519
2919
9728
18206
13928
9505
18199
18775
17634
17107
19912
2142
9624
3396
7557
8918
18553
31
2222
21734
9665
16583
9803
6573
20553
18
5599
17391
11486
5898
12319
5663
17458
10601
13357
20830
3808
18788
9321
2761
19055
9937
1085
13821
5303
14526
11201
1867
1378
2491
11833
18654
19933
12908
12330
5472
3046
10608
12512
11138
8876
3947
3745
14109
3069
5285
1990
20776
16361
20902
1493
10055
12262
17053
9861
5355
10689
20706
12237
14320
4366
13438
17507
8109
19047
13056
6674
14952
1208
551
7922
248
11152
16912
18472
10908
21313
10503
15689
16172
21220
20200
304
15146
7872
10153
14889
225
19584
15085
419
21078
13004
4544
16632
4454
10852
19674
3811
18600
20115
1384
1285
20549
1198
19136
11874
18462
16519
5902
132
11651
14107
17078
19261
83
10308
10444
2274
16671
18633
21335
14912
1474
6645
20718
20998
1440
4657
7574
6059
14003
15144
20019
6150
6254
15907
16339
16840
16645
21421
2273
433
8338
13656
5937
13971
13309
19737
11752
8879
20098
1983
21257
11459
12010
6879
12152
12085
2772
5534
5249
14756
1037
16425
19623
6486
21224
3323
18836
5281
10939
5158
9397
8808
7830
18656
9003
17450
3961
19621
14770
21824
16925
3703
7603
15015
2137
8888
3303
395
3871
6892
6671
6283
20636
676
13687
1219
13861
13386
10471
10687
19910
2339
16051
10570
6960
1863
21710
1371
11274
9338
9334
8815
15243
9490
17718
6307
16921
637
17922
11973
6309
15497
21798
11904
21692
5807
15578
19892
2205
11916
21667
8768
6303
16126
4880
1542
21021
2579
7404
21172
19626
14394
10535
592
800
7286
21608
18868
3554
2459
21512
3976
5675
16205
14689
8414
14788
11618
8718
10699
21030
11097
646
6204
2264
8299
2323
21060
17828
10838
229
8458
4550
6343
14986
17114
8850
13044
18691
20093
2322
8070
12793
17706
1609
17074
15716
15633
134
18502
15842
12365
10352
15258
21300
6354
1850
10428
9040
13805
946
12282
7567
9347
4603
11432
14911
11970
6887
19003
6051
3522
8558
11133
13757
5397
18928
2027
16742
11564
7259
14811
13696
6511
11542
21521
15153
14097
13237
16004
12361
16026
15747
5844
10138
5655
3734
16390
8737
12258
11682
12556
20018
15641
4119
1884
18176
13691
6555
5541
12437
640
2367
17411
13331
4445
14863
17628
20819
18921
4489
10364
14519
7334
20867
11868
15439
7685
267
792
4522
19794
13190
8023
2213
16529
8346
18682
786
20554
13218
16381
19006
19188
2375
13084
15006
1901
13767
14382
13820
11932
18302
7969
14414
15273
20722
8628
3846
14360
9488
712
20908
12514
9425
959
10927
18018
5646
7650
6659
13858
3168
15081
3872
6487
18271
7513
15598
19501
5063
12817
18588
13125
15073
19559
8190
6854
16348
20138
7627
5110
12447
12723
19640
1942
10107
5987
13718
4742
2975
8609
12883
18096
6160
4387
10506
14662
13751
2586
8624
17423
6996
9020
3250
18453
15548
7599
8956
13550
14218
6939
5174
6123
6760
12851
20158
20051
12632
12758
17521
21665
5670
1826
8519
17916
14841
20556
7745
4146
1222
10914
18488
14899
6891
19345
5522
5341
21567
17924
18536
5366
15773
18742
12504
381
12599
8084
14670
8322
9555
18851
8675
3159
6369
3972
14926
1978
21527
6571
11156
17316
15178
7693
621
15511
11212
9259
10991
12135
5486
11462
10236
674
488
13474
12038
762
17144
18450
16077
3124
10994
21467
21331
17762
13586
7511
10679
19936
1595
18590
20508
513
5529
10341
16619
14945
312
17621
17060
8010
412
16641
13433
4706
6617
13448
6961
3534
16117
8692
2018
10707
7264
5757
11940
10256
18323
16119
11364
7492
20104
14508
19411
11942
4967
11557
14981
13155
10540
12824
18052
17798
14536
11825
6631
2535
11854
21685
3859
3840
9512
6974
3912
8119
20117
1853
15303
8408
18240
7424
11492
19745
12248
21260
2960
18229
19611
4049
14198
6378
1878
4549
14044
19004
8529
16132
15346
6781
11551
977
4128
18311
6597
670
12157
15109
15738
1174
21125
20880
17449
19257
16483
4446
2939
14416
7639
12523
6148
13753
19837
4301
2553
20466
2266
4730
1076
9493
21394
12719
12792
21166
16637
10606
16890
17570
13497
5874
12888
19516
16622
3566
8042
21601
4630
14763
9154
14868
3914
12206
4569
14530
6361
2016
10283
2836
10912
18623
12233
3838
1127
15859
4090
10129
16430
19332
16588
20622
6415
17516
6666
16658
2451
6507
12961
14515
16475
8551
21090
10089
9456
13657
21455
1020
7480
13939
2488
3693
16772
2543
3796
5993
17099
18235
759
6399
16544
5934
17581
18045
20892
4121
19536
351
13212
17153
7073
16396
15218
20679
4641
8877
6385
19093
17479
19488
19694
12036
10643
18724
6930
6263
19784
20923
7855
11568
16078
8130
9921
1463
6542
9750
11393
8521
16679
20289
9229
922
3589
21408
12087
13967
10992
14699
4003
2116
14354
12476
5443
17451
18252
11685
2125
7111
21346
9131
19297
1489
7220
492
5403
16275
20181
13901
3600
8858
17683
15660
17323
4727
3176
18745
13165
19583
493
401
8841
509
11936
15785
19109
15468
11795
4832
3989
1365
13481
16878
6299
21609
17522
3006
13351
5254
19422
6778
6713
13600
18718
3263
18086
19726
16469
9284
15363
21180
10974
3709
11544
8382
4124
9697
18116
18979
10777
18802
10522
19758
12168
8044
13790
8449
15998
4202
15791
2003
7242
8579
1067
15210
11573
12127
17279
2313
52
15810
9391
16284
733
8430
10808
16858
19376
16672
17835
8410
2048
12086
3100
2179
11720
19839
13763
19000
18612
21490
6562
12002
20547
17528
3563
20550
388
3239
20441
2331
16967
10053
12858
4693
4076
1147
3750
14922
12722
8779
322
5955
8592
6724
7737
19916
17760
7096
3501
16066
6557
12595
21013
3585
20723
14999
17864
5014
14745
9199
12622
7038
14315
13184
3698
12506
4150
18158
14994
16142
19806
1370
5220
3026
1808
82
8537
10026
18073
20981
15910
1294
21243
4131
5433
6397
446
15463
16015
13721
21342
16753
6957
9826
788
3963
11565
4404
15779
20967
21499
13811
9949
3084
16842
17875
10222
12290
6818
9679
3127
19252
17428
4728
16833
3365
10358
8614
16992
11705
16330
12730
21402
153
13929
16225
9655
10945
13362
9640
16181
20645
2400
19237
6784
7045
19646
9072
14935
17492
11084
18364
7562
9394
2558
21379
14507
15538
21726
13074
1526
15133
13352
10401
15963
5795
3471
9690
13275
3332
1771
750
1189
19663
10860
18232
16484
10660
21788
20024
21194
20259
7772
12829
11861
9127
5240
4395
9380
1598
4656
18681
12022
4901
17164
6330
7340
9637
22
12345
6017
19432
16787
21411
2700
12615
17839
9395
2436
11931
6166
7326
19150
6480
19920
5520
9348
16568
9027
10670
7088
11237
2528
7314
5044
19687
17403
16313
8062
7491
7810
8937
16056
7373
15051
3624
18927
16845
1241
8924
10982
10552
8942
19433
10834
17057
21404
12337
10934
7318
5460
11631
13150
6976
16311
1973
2788
13605
7564
1632
15992
3315
21002
4830
6909
19126
316
12192
18289
14618
3751
1091
9354
17042
13700
15760
11390
14791
19124
8905
13030
5854
11231
1816
10664
967
1600
9499
16088
6531
4353
18822
2402
8240
3229
12603
17166
12218
20794
20857
10075
15066
11192
301
2140
705
7964
18847
3883
8743
9912
17950
11380
2934
14304
16076
4313
20448
675
17054
3395
6449
5752
10911
16388
17938
1498
6599
15380
10825
14349
6292
4251
14270
6686
14125
7499
10412
10173
13028
10542
20860
6980
9221
14775
18626
20637
3310
5792
13472
397
10691
1143
19182
4135
18614
14984
20393
19466
10698
17991
21311
5111
1025
19331
12280
20677
12623
981
4414
18982
18765
11171
21705
2652
14718
464
6817
18784
21488
1217
16300
20961
20863
14477
5996
15253
4717
20020
20740
3679
18762
13007
4962
12004
2494
17783
7643
14978
1267
12005
10954
12239
743
17945
8706
8672
16939
11738
16480
18172
970
5724
19119
13207
9670
6002
10391
8417
1674
10430
934
2726
14080
4432
17818
12484
9950
21272
13999
10144
3887
11915
2708
11331
6247
18470
9806
21330
19950
13343
2600
21352
17929
4380
2538
18465
20308
16686
12144
21356
6494
1461
15470
14692
20028
19599
19741
17565
20798
14697
1250
19800
7593
12861
7851
3216
8300
14767
21742
18998
9544
3975
15232
14392
10749
17318
2954
20160
16107
6792
4831
8276
18514
4181
7608
9770
1682
13849
17517
16187
9271
20743
12612
5229
8611
10487
3697
2727
5001
8028
20919
10180
2330
8713
10729
8339
16278
9402
19008
9730
18746
3207
3195
20869
19769
7752
20203
18442
10195
11185
2035
3004
15880
15681
5648
2426
1160
2683
5010
4772
14335
21312
13743
5017
17631
5345
11413
14894
21277
9767
17926
3743
7930
5803
5212
18629
17635
18288
16578
5774
8704
20545
12242
13611
17393
5988
10248
20822
340
7868
17392
5600
1237
17446
14514
473
12892
6319
12393
1961
19309
3828
16903
21770
8301
8794
4451
463
18049
20646
1420
19428
7142
12873
3816
7795
3974
16518
14612
16559
10474
1274
14607
12816
17273
17582
25
1402
20966
9982
17055
714
19080
9668
9368
20040
12649
13824
20635
10105
17231
4773
194
5810
5450
1289
2112
7429
7638
12609
19977
20192
15065
6669
21717
20415
19637
6867
16675
18196
18651
11487
17020
14794
9923
9564
12786
21698
8861
15322
1240
16755
20866
8747
2243
1510
1852
8336
8143
8688
20574
5997
1278
15279
20965
10025
3623
1460
5228
17914
428
7843
18291
9280
834
12461
13372
20427
15499
12156
2424
337
13702
9510
17865
2092
2076
7732
8374
11004
18097
5116
14682
2010
18615
17573
11520
12477
3574
4804
10933
14196
8818
18889
16494
700
254
9848
5963
8761
12058
20122
7355
9698
6488
9560
3364
19458
3350
13130
17854
2829
8153
2157
6938
2917
9147
9
11070
17383
13731
5761
14439
12714
1846
13758
10681
6031
2178
3964
285
14090
12508
12815
3372
13058
5862
15850
10637
4610
615
9096
5555
11398
21800
7529
330
8639
5780
18501
13608
7323
14493
7915
178
8566
7793
2542
15528
10652
3991
4338
18527
12586
20805
10588
4768
2346
7289
13641
19034
21024
13178
10437
3238
13573
4473
3565
10871
17867
4326
55
17694
15259
12661
6903
17433
3486
8057
10833
10028
20247
10621
2615
21115
4991
8305
21820
13616
16301
18858
7707
3373
2026
11812
13779
9185
15124
9183
16009
6185
2405
16048
16888
6141
15358
11806
14154
3163
3823
18160
10693
3140
2192
5082
3631
19713
17536
18505
15652
19836
8427
19595
6928
9035
7451
3993
10623
10713
7367
5342
3995
5173
4676
19062
9772
3465
1478
16689
18986
18394
5024
4601
2867
16683
18053
5882
18659
782
13665
11284
12780
2754
5548
12305
8842
19618
11050
6772
9880
5263
14819
12172
5223
12950
16223
10452
10326
6367
13607
2693
19718
21792
5692
17360
19435
3820
15800
10405
18366
4099
6977
11363
11157
21393
20034
20687
3971
2861
16092
983
21662
5178
2293
19850
17812
15767
16471
18782
12876
19215
17907
20503
18058
11840
15750
11303
11847
8997
9358
17008
4521
16507
21723
5114
7857
5036
10225
11707
7863
20426
14750
5107
9302
4885
9480
15531
2278
20662
16554
19525
15327
18663
13863
17707
6502
18645
4912
6334
16751
9956
21616
9738
455
12706
4679
7570
11721
3582
3639
4160
20674
21809
6168
11056
13323
11993
12449
18821
19386
11949
14671
4675
19742
8989
16624
13681
15567
2171
12718
11479
13399
16647
5484
3023
407
16649
15294
16258
7407
19192
16913
16260
21187
21386
476
4478
3448
10810
889
8154
17104
5298
15057
8693
11463
15120
7637
12126
7430
8912
9604
8784
1894
20348
11815
1657
887
13266
2443
569
4002
687
17457
6390
10716
2664
14938
4195
18173
19677
19899
18380
6594
21283
19060
10960
1119
11027
12923
10239
20899
13227
17470
6955
14208
11572
19767
2393
76
3400
6972
11656
3686
16793
16237
5222
19537
16412
17729
19807
20384
4415
8397
15095
990
93
18621
15453
19179
9997
14631
6460
18967
5678
10572
15608
3223
16058
4908
9654
8926
3385
8817
10081
5105
17263
1050
573
9906
3729
19245
89
846
16681
17286
14398
3784
17811
5984
15896
227
4786
2818
10340
13561
2433
8127
5664
7990
16639
15506
3731
12320
8072
15807
2229
19289
14723
15612
6529
7063
4471
21338
14893
13110
17560
19026
12781
751
14483
4100
9932
3616
21085
19562
13899
14410
21603
16870
13408
12616
10745
10431
4858
8066
14865
17227
10528
7920
11753
6451
18225
1349
8165
9233
12590
9306
2837
15414
14116
8745
12124
11844
5183
16032
7137
8129
12466
18658
8248
12951
18972
15
11989
1554
17662
8317
12866
15353
16698
19948
8179
1405
5224
3802
9022
3451
15990
4144
20078
20070
1193
799
20617
12620
5524
2800
13488
2460
4653
1974
1911
9386
8455
6363
11620
18692
8221
8237
17128
8755
252
18309
10700
8016
17210
13750
9495
3208
10688
7265
13142
871
14024
1154
9248
19251
7887
3523
3810
11593
5061
11408
17817
12425
14259
14946
11539
4383
3464
20664
18464
10020
5415
10486
16721
9494
10087
19500
12422
13140
6609
18880
16154
7056
5879
359
3627
15129
18133
2802
1306
10620
1277
6125
3922
18277
21134
9683
7405
12717
17767
13557
453
6090
10675
19538
2968
16759
3917
18333
5449
10837
318
14365
5277
13785
13334
13097
10873
8610
4004
2750
6651
567
6699
11381
5361
17735
11143
1916
14282
6691
4311
4167
6868
17334
8441
15043
7161
2452
1073
13403
13247
19598
14661
18616
18293
2860
21664
14641
6569
7703
5507
10458
1201
8602
10441
20337
6948
21468
20403
14597
20786
14363
18902
21510
19464
20884
16314
12301
12963
5510
4883
21772
20074
10703
21186
9554
7102
19834
2298
5473
3272
3699
21805
4890
18964
14806
17259
20790
12757
6543
5056
11703
17301
17721
15667
18573
2384
20026
3213
6581
12983
3970
11293
12459
1482
3233
2145
21398
3345
19886
8212
976
1664
12069
15075
9546
7876
2610
19893
9666
17371
5026
13128
4767
3864
18280
13418
17526
845
9723
9612
7399
10046
8188
8787
3536
12412
20928
4064
20571
11630
4360
1380
12762
11272
18968
19585
15503
5286
8654
12007
12494
2037
11310
21053
18832
19219
20764
17199
7551
15868
20752
16543
10209
20889
15111
2215
6089
11001
20375
21127
11210
6816
16183
5533
6493
1194
20077
7118
21509
21375
20840
15885
1446
2905
12766
10647
19001
1347
17404
8326
11796
3434
20823
15293
18680
15189
7465
15669
18284
3584
12944
15305
18150
336
7409
12215
4976
3001
12696
3098
14473
580
1150
12006
21410
13269
6316
3382
2418
8006
8192
3295
7356
7490
11095
9831
18748
15381
13278
8973
17431
10214
3915
2407
2675
20232
15119
2916
2349
3203
1340
16887
15858
4688
15140
13593
13364
15122
13204
1881
5404
1314
11119
19577
11342
3874
15925
745
5583
14625
19320
6866
3498
866
8056
1574
2351
20079
54
5237
892
8684
